WARNING: empty or missing file
diabetes
zeror
62.09 71.24 70.59 59.48 62.75 69.28 63.40 69.28 65.36 58.17 67.97 64.05 62.75 63.40 66.67 69.93 62.75 58.17 70.59 64.71 67.97 68.63 62.09 62.75 63.40 
nb
77.78 78.43 73.86 70.59 76.47 70.59 69.93 88.24 71.90 74.51 73.20 77.78 71.90 71.90 83.01 70.59 72.55 76.47 79.74 77.78 76.47 79.74 77.78 69.93 76.47
WARNING: empty or missing file
iris
zeror
30.00 30.00 23.33 23.33 30.00 26.67 26.67 26.67 26.67 26.67 23.33 26.67 23.33 23.33 23.33 26.67 26.67 20.00 26.67 23.33 23.33 26.67 23.33 30.00 30.00 
nb
100.00 96.67 93.33 86.67 96.67 96.67 96.67 93.33 96.67 96.67 93.33 90.00 96.67 96.67 100.00 100.00 93.33 100.00 93.33 90.00 96.67 90.00 93.33 96.67 96.67
WARNING: empty or missing file
soybean
zeror
12.50 11.03 9.56 6.62 11.03 11.76 11.03 9.56 11.03 11.03 10.29 10.29 10.29 11.03 12.50 11.03 11.76 10.29 9.56 11.76 8.82 12.50 11.03 7.35 11.03 
nb
64.71 66.91 69.85 65.44 66.91 62.50 58.09 72.79 69.12 75.00 63.24 70.59 64.71 66.91 70.59 71.32 62.50 69.12 57.35 66.91 65.44 61.76 73.53 61.76 69.12
