diabetes
zeror
63.40 62.09 64.71 61.44 73.20 54.25 66.67 71.90 62.09 70.59 64.05 69.28 64.71 64.71 62.75 65.36 67.32 64.05 60.13 68.63 60.78 66.67 61.44 65.36 71.90
diabetes
nb
75.16 75.82 77.12 75.82 76.47 75.82 74.51 76.47 77.12 77.12 76.47 69.93 81.05 73.20 81.05 80.39 71.90 75.16 78.43 75.16 78.43 69.93 76.47 81.70 73.86
soybean
zeror
11.76 12.50 11.03 14.71 12.50 14.71 11.76 14.71 11.03 15.44 16.18 11.76 7.35 17.65 13.97 17.65 9.56 10.29 11.76 13.24 11.03 11.03 9.56 16.18 19.12
soybean
nb
61.03 69.85 74.26 80.88 82.35 79.41 88.24 86.76 85.29 86.03 83.82 86.03 91.18 84.56 91.91 86.03 91.18 88.97 83.82 90.44 86.03 87.50 88.97 88.24 88.97
iris
zeror
26.67 33.33 20.00 46.67 26.67 30.00 36.67 26.67 40.00 33.33 26.67 33.33 33.33 30.00 30.00 23.33 33.33 13.33 36.67 33.33 20.00 36.67 26.67 43.33 20.00
iris
nb
96.67 90.00 100.00 96.67 93.33 93.33 96.67 86.67 100.00 100.00 93.33 93.33 90.00 100.00 100.00 96.67 96.67 93.33 100.00 93.33 96.67 96.67 96.67 96.67 93.33
