diabetes
zeror
WARNING: empty or missing file
69.28 66.01 62.09 67.32 61.44 62.09 66.67 64.71 60.78 71.24 63.40 66.01 58.17 64.05 73.20 67.97 60.78 60.13 71.24 65.36 67.32 67.97 60.13 65.36 64.71
diabetes
nb
WARNING: empty or missing file
79.08 75.16 72.55 81.05 74.51 71.24 75.16 79.74 77.78 77.12 76.47 79.08 75.82 74.51 74.51 81.05 74.51 72.55 75.16 77.78 73.20 85.62 74.51 72.55 75.16
soybean
zeror
WARNING: empty or missing file
12.50 12.50 11.76 13.97 13.24 13.24 13.97 13.97 10.29 16.18 13.24 12.50 13.97 13.24 13.97 13.97 9.56 9.56 16.18 18.38 15.44 13.97 8.09 14.71 14.71
soybean
nb
WARNING: empty or missing file
50.00 72.79 76.47 78.68 80.88 83.82 86.76 80.15 85.29 89.71 89.71 86.76 84.56 89.71 86.76 86.03 87.50 89.71 90.44 86.76 89.71 88.24 86.76 89.71 86.76
iris
zeror
WARNING: empty or missing file
20.00 43.33 30.00 26.67 36.67 26.67 26.67 13.33 40.00 40.00 20.00 26.67 30.00 30.00 33.33 26.67 26.67 30.00 33.33 30.00 30.00 26.67 30.00 36.67 40.00
iris
nb
WARNING: empty or missing file
100.00 93.33 93.33 100.00 96.67 96.67 90.00 100.00 96.67 93.33 96.67 96.67 93.33 100.00 93.33 90.00 96.67 96.67 100.00 96.67 93.33 100.00 96.67 93.33 96.67
